-0.0508873 0.105589 -0.0194525
-0.0859939 0.0940196 0.000445293
-0.0706305 0.0401508 0.00122659
-0.0568589 0.0562507 0.00563881
-0.0745558 0.0684435 0.0233437
-0.0891171 0.11284 0.0400327
-0.0847959 0.147297 0.0357863
-0.0423644 0.120691 0.0280931
-0.0510836 0.145457 -0.000907293
-0.0679688 0.135528 -0.00836676
0.00913581 0.103011 -0.0206427
-0.0179779 0.15947 -0.0103936
-0.0325018 0.177105 -0.00443384
0.00495998 0.131626 0.0157979
-0.0214945 0.10716 0.0418366
-0.027194 0.0764697 0.0455544
-0.012329 0.0361667 0.050366
0.0274201 0.0431121 -0.00573463
0.017237 0.0368135 -0.0176915
-0.0287709 0.04365 -0.0290051
